50 0.3 0.6 3 1
1 11 0 1 3 52 0 0 4852
2 70 1 1 0 62 1 4 250
3 32 1 0 3 51 3 0 4578
4 85 0 1 0 31 1 1 3770
5 99 1 1 5 74 0 3 1912
6 97 1 1 4 33 2 0 714
7 88 1 0 2 17 4 3 777
8 78 1 1 1 11 1 3 4945
9 63 1 1 4 75 4 3 2716
10 81 0 0 2 55 1 5 2088
11 20 0 1 5 58 4 4 530
12 1 1 1 2 50 3 1 3185
13 35 0 0 5 75 5 4 1385
14 16 0 0 4 30 3 4 659
15 90 1 0 5 38 3 2 3989
16 9 1 0 1 4 2 2 226
17 74 0 1 1 43 2 2 2759
18 15 1 0 2 46 0 0 126
19 56 1 1 5 21 0 4 1749
20 56 0 1 0 38 2 0 3807
21 57 0 1 2 65 5 4 2436
22 5 0 0 2 5 0 4 522
23 34 0 0 3 15 4 2 3272
24 8 0 0 1 81 2 4 4333
25 12 0 0 5 75 3 1 1479
26 74 0 0 5 12 0 0 69
27 11 0 0 2 34 5 2 2287
28 44 0 0 4 91 4 2 2757
29 42 1 1 3 91 3 4 3565
30 69 1 0 2 55 3 2 989
31 72 1 1 2 33 3 3 2792
32 21 0 0 2 90 1 1 749
33 91 1 0 1 3 5 3 4206
34 84 0 0 5 36 4 0 3469
35 24 0 1 5 24 1 0 1016
36 58 0 1 1 21 2 3 2627
37 99 0 0 3 85 3 0 1093
38 35 1 1 0 87 5 5 1864
39 13 0 1 1 90 1 1 1800
40 53 1 0 0 77 3 1 3223
41 43 0 1 0 100 3 5 2623
42 51 1 1 3 42 2 1 2684
43 73 1 1 2 31 4 3 2658
44 89 1 0 3 64 2 3 4326
45 47 0 1 3 8 4 4 4985
46 55 1 0 2 55 0 0 107
47 50 0 0 4 3 2 0 4715
48 76 0 0 4 32 1 1 139
49 83 1 1 1 53 5 5 2547
50 16 1 1 1 99 5 1 1674
